mean: 180921.19589041095
std: 79442.50288288662
min: 34900
max: 755000
