mean: -4.866731066850001e-18
std: 1.0003426417780878
min: -1.8387037612340336
max: 7.228819418471528
